241
1131	4458
50
12	26
0	5392	2620	2950	285	2118	3343	6695	2218	5953	3386	128	7226	6827	1885	7588	1927	5942	9073	1094	9560	657	2334	5439	8530	1190	8478	7999	3058	4535	6737	1303	24	3306	8450	7846	8342	8306	4713	2082	5658	3616	6723	3097	6295	5753	4095	6905	619	9722	3130	1069	1404	554	5662	3545	1428	7631	5094	7816	2591	5028	277	4067	3283	8201	7032	2325	3056	9371	2441	4973	3015	8534	9573	3060	9295	744	6688	5504	790	8311	552	6503	2533	2390	2103	3208	183	2148	4557	9575	4236	918	4765	4903	1289	8582	8278	3149	6802	6379	902	4274	5770	6155	9946	4809	7898	8366	8153	9954	3696	5062	6705	5022	7642	1964	1377	8548	5092	4188	2250	7011	3903	963	8720	1977	2194	5416	3013	4964	6596	2633	8999	4855	1963	4392	601	3791	9487	1270	1504	22	7155	3021	8943	5528	4373	1156	9877	724	6403	7359	2772	4518	4912	6166	726	4962	7943	3831	9579	4771	2400	286	4006	5861	2353	8084	3513	575	7783	9877	3662	5286	7237	2166	5528	350	9467	4087	8521	6866	8155	2198	9941	8838	9688	6372	2198	2266	8736	348	4466	1922	508	2033	8794	2404	4261	3463	4340	849	9449	693	3307	2984	3806	1097	2246	4168	4310	2028	1062	68	8180	8936	6788	1836	830	4743	2922	1033	5796	2254	1680	6425	2928	1114	6299	6636	3262	9225	721	2653	3022	5229	3024	2933	2215	
5392	0	9180	3023	4013	3230	8491	5157	467	5335	1965	25	496	8348	9446	2745	9911	6908	7157	8911	7871	3541	6849	9521	1140	8725	995	3976	1915	7213	6613	2691	2613	1607	1641	2077	7575	2426	7533	7452	6935	6732	2605	3884	6921	6887	7498	1579	6283	2575	3434	3062	973	867	6335	2596	2774	1041	8556	177	1379	5375	2982	5022	6544	2152	1703	1767	6588	2739	4825	8501	8776	506	4641	3509	2801	2969	6458	7704	6270	2630	852	253	1099	8065	2747	9724	7128	3323	8621	9076	7212	2732	1319	1096	5214	5039	5679	6437	1749	2417	1047	8919	7870	5818	3248	3260	3246	8826	1662	2233	264	9624	8875	5819	7665	8471	4270	7937	1299	3547	365	2409	703	1915	848	4824	3382	5254	648	9646	2266	7114	7424	9385	6528	5619	3299	9481	185	258	62	6340	1857	5438	8359	8778	6279	7295	3471	4332	8351	9640	7124	5592	7188	8500	5177	7416	9010	3269	2314	6940	9074	7129	4027	1717	1335	3886	6593	2196	3434	1544	851	2338	1681	4672	5393	2897	6597	2686	5158	7139	5619	3323	9162	6026	963	1632	155	1215	7096	580	8846	2006	4391	164	8704	5026	4843	83	1858	645	696	532	2068	4299	8031	8485	7456	5624	1698	9135	7451	1887	9177	107	904	3093	371	1703	7710	5861	5840	8009	2570	1588	1087	3028	2616	4024	6644	7465	4750	1589	9261	783	2297	200	4548	
2620	9180	0	6294	1725	6392	4247	4072	4551	2473	8295	993	6469	4322	1646	7137	3080	6594	7716	6335	9976	5039	4387	8240	233	3487	3994	3080	7854	7162	1535	7729	7899	5311	2537	8538	9535	1079	2028	6801	1201	7319	2054	6308	2441	7530	6138	372	2051	4254	1163	2892	2784	1997	7403	193	6574	9327	6724	2234	3449	4254	7815	1441	4081	506	4803	2218	7454	4782	713	6803	2689	1523	9966	9101	4029	8675	320	4651	950	2513	6124	8808	6873	3015	2831	5150	7196	4752	7867	1252	7975	8967	749	2168	3827	2255	1197	4285	7906	9045	8326	2662	7616	1939	8582	3444	1672	1239	5784	8924	2186	2339	1280	7933	9515	3397	6790	2320	973	5802	6424	7489	4801	1087	873	2029	3434	7096	4766	1020	8548	4629	5242	8673	7893	3793	424	2736	1666	6844	6473	1247	8709	8604	2351	3440	446	4896	9450	2782	5624	4117	8432	2086	9758	7916	5538	7785	2509	4396	61	9727	3963	4276	2494	8237	5976	7908	6746	5865	1076	4636	1453	5390	6785	708	9953	3996	6331	2942	4401	5025	1109	6937	8670	8910	7302	7672	8290	1907	3972	1891	7603	3197	127	4411	698	9393	7633	2403	3077	7209	2821	206	7674	1454	454	6420	7277	2054	3529	489	2052	2177	3469	1567	5113	1151	7121	5018	3951	7668	8520	4612	4952	782	5481	3443	5590	358	9177	3768	913	3237	7821	5594	4441	6954	9834	
2950	3023	6294	0	6338	717	8329	7024	5863	6235	2005	2055	8141	8	3025	296	2138	6306	9588	159	5961	2868	7323	5392	6227	794	1220	3000	1322	7718	3144	84	9287	3410	9575	5592	1127	935	7323	9801	450	7597	9686	9531	5165	9876	4237	371	9360	3187	5754	1748	2169	6383	4220	9388	6834	2286	7778	6500	7217	763	9912	7155	1759	6893	8880	4469	9820	4564	1796	3467	3777	4676	571	6338	8437	1669	5515	5048	4532	313	9966	8380	6764	3728	1128	3926	5786	8393	6632	8695	6437	522	7549	9666	5465	4017	4603	8218	1512	9740	1069	9326	123	3894	1885	8995	2127	9379	6914	6193	6414	8526	2362	1233	4410	2944	8728	693	5586	8100	2863	840	6798	3433	1088	3479	1005	7336	8352	208	8130	566	7182	1146	4682	1260	2723	4566	465	2965	8443	901	1286	6552	8787	7562	9836	2503	5956	7233	2418	9975	655	5807	1717	5745	6585	1388	6500	6216	9144	3279	7204	8188	5966	8552	165	7902	5126	660	3285	1125	6669	2124	804	9936	4196	2399	600	5149	5539	6322	7218	474	1599	1477	4672	4138	8351	7576	3748	682	635	7421	1861	4180	9814	1936	196	2835	5774	3732	3250	4057	1953	815	9680	4878	947	6857	2631	2362	3997	2129	4602	8404	7464	1809	7512	9563	4490	8691	3766	342	6656	2100	2524	9927	6605	7544	3151	197	3218	2478	3088	6234	7375	2085	8002	
285	4013	1725	6338	0	2698	8808	7055	9153	4357	6107	1285	8402	463	1889	1308	2149	1710	4132	8310	2322	2691	2912	5627	5219	7245	2476	4090	1086	3706	6187	4443	6663	2560	5342	5207	3379	7067	2188	7962	6223	87	2133	7351	1666	161	387	7788	6096	1769	4658	6936	561	347	2514	9627	7105	2222	2891	9981	2505	7739	5280	482	5135	2210	3750	6379	9865	6778	2903	2320	1031	5544	1666	5277	3890	7203	1414	9611	6927	6901	15	6465	9913	8276	5983	731	4334	2449	6033	2249	3432	6256	4042	6459	2496	5866	7057	4267	5198	2976	7408	1723	5299	7152	2555	2482	9322	8109	833	8449	5052	5770	9633	6794	5492	9335	2943	1651	2498	1487	6646	5927	8036	8337	5120	9854	1106	2942	2436	8927	1864	7458	9568	5539	9113	2839	3671	3307	354	4518	844	9284	2014	5775	3968	6442	8856	8732	8729	3947	3413	4400	7731	4670	8003	3717	8571	388	3389	8823	858	109	6033	1611	2350	910	8163	4805	9375	6258	9667	5960	9361	4878	3884	8590	7269	857	6319	4026	7781	1420	1104	4988	3312	1831	5934	1718	1858	9396	7369	5933	2616	31	5855	1938	7203	3830	5432	3985	3355	9534	5315	4313	3397	6838	7872	1853	4808	720	5103	3435	1948	3949	5817	8555	1204	456	6414	4010	7086	5990	8366	7128	7961	3997	5932	2830	1910	834	2272	4516	7554	5495	8412	6578	147	4549	5713	
2118	3230	6392	717	2698	0	9173	112	8102	7186	7525	3254	1959	1705	6373	1944	4987	3241	2922	3767	7059	2837	2303	931	845	79	1032	1664	1771	99	7574	2173	1734	2676	4875	1441	706	279	8430	7734	9235	991	6449	2826	4720	2985	1217	932	7864	9433	366	6052	1106	7300	92	2126	5273	8560	8408	1833	1496	5928	3071	8435	1698	4885	9212	3751	5781	1738	1776	8785	5584	8622	1015	1969	3746	9471	136	751	4613	8917	1677	5502	1644	3876	2325	4867	4440	3623	9174	9656	9249	9609	4118	1356	4067	2725	3644	3726	1863	4162	9027	4330	7236	6935	4383	6627	2165	1045	6146	545	8764	3140	705	8316	8263	1982	643	1802	2435	3964	5434	7014	3742	6589	3637	6978	4450	334	1188	7118	8814	615	9806	297	9511	9234	7600	150	5343	3185	5463	6019	8004	10000	5792	5335	8333	2169	7117	5530	4737	7495	1643	5962	5304	9613	4978	9595	9845	3831	8909	9854	1509	833	2474	2565	6353	5271	1299	533	266	4205	6879	61	4182	1072	1027	7574	5301	5052	861	748	4826	5808	2914	429	4806	2559	8534	4527	6951	1320	4524	5270	9201	6312	5823	806	9707	6782	6769	406	1694	5247	9617	3190	1609	9916	2226	7922	3160	1313	6953	7640	2038	8015	1175	7286	8129	3836	7897	887	4925	1817	5340	8576	3388	2452	1221	5717	7372	1951	2112	9810	7697	3057	1638	343	3221	
3343	8491	4247	8329	8808	9173	0	9308	6485	6675	1981	2767	6443	180	942	4140	6242	2510	2768	8524	931	8811	4321	3554	6548	5153	7181	1949	3235	4554	2381	8178	3320	6192	4125	7210	710	1319	2722	1240	1555	1536	4076	5757	185	5067	7497	6191	283	6716	3995	696	1467	6690	5386	2283	8459	2260	3164	332	5171	7292	1924	9312	9811	1641	8441	7346	5033	1407	6905	1384	309	2082	8910	533	9467	3859	127	2625	8889	3466	394	5558	378	1172	2529	1900	6506	4559	1074	1495	9067	7700	123	1183	9511	2884	7582	8705	1543	1383	7793	7396	7971	8064	2650	9102	7083	5301	1417	3880	1702	8189	8326	1151	8968	8235	2620	1053	8473	6890	118	9400	4004	3337	794	536	9309	4058	2867	4895	6983	8582	4339	6148	7653	1107	3080	4608	95	7464	3646	1309	6248	959	2998	8348	45	6572	1158	9302	4496	3198	8352	837	9494	20	9143	4404	2909	3938	3392	4052	5763	4132	9654	8192	4819	5778	8528	259	1537	9444	486	3785	7944	2024	162	852	6225	1442	1636	6496	8135	4835	4377	5432	2089	1821	2844	7962	1903	1477	6029	2680	2097	7418	3778	1601	53	2982	635	400	407	3059	842	3859	1789	3503	3347	7966	5019	9123	8944	7857	9765	6096	104	3944	1540	9371	6497	8369	3003	4731	3731	2883	634	3312	9215	9821	6290	9334	6048	8365	8282	2219	5009	530	6209	
6695	5157	4072	7024	7055	112	9308	0	2157	2159	9060	981	8615	2129	8898	7651	4846	7989	8892	1872	1559	8860	2003	2504	1931	2761	4061	3062	3245	9862	9358	4355	7787	3032	4163	8865	3556	211	7552	3674	458	6753	9101	2933	1015	2703	3276	2410	7428	1033	3934	8613	8296	1159	7223	7360	5950	2695	3983	9804	2442	9310	2090	192	4237	7625	2330	1206	7495	3369	2356	7313	1677	3358	5889	132	139	9107	2165	2543	9291	1082	5557	491	7751	3241	532	4105	9835	8118	3247	4485	1615	8079	7419	2097	1987	6413	1307	2015	5483	1098	8822	5374	334	5984	55	8874	3594	3940	7655	8909	522	4995	313	3274	7419	187	5956	2700	5739	2461	5287	538	9730	3618	8423	6253	678	2060	8524	7813	2762	1406	5581	8457	4518	9182	601	8654	2781	6730	6585	251	1386	2937	354	3162	4749	1236	3966	7152	3221	9700	3597	1825	7854	3070	7400	8430	2893	7772	8087	8320	7289	1997	4947	9514	5261	6353	1054	3242	7355	9469	6706	2128	9555	3926	664	6162	3748	2556	1482	2127	4786	7124	2811	6482	4233	4971	8629	2282	8625	7303	8626	1992	9122	272	1215	4920	8234	8672	3311	5140	5229	5542	524	6293	9036	1985	1827	8715	2217	7243	1872	4639	9274	9796	2087	1383	1980	321	7302	6586	2505	485	7143	4325	8269	7790	2362	5101	6518	627	7634	8357	8106	797	9758	8546	9550	
2218	467	4551	5863	9153	8102	6485	2157	0	1683	4491	7069	6212	8090	6024	9593	8468	8860	8955	7670	1390	4281	6130	5238	8270	2156	3469	1246	1298	272	1114	3903	2296	7250	6048	101	1483	9704	9808	5343	5456	9202	4904	5136	7276	9280	5739	1477	6024	6005	6542	4153	7624	1706	1507	4486	5368	6006	267	8492	8568	8669	1112	1990	3465	6886	4481	7387	6344	1969	5290	8259	219	2968	4915	9404	6282	230	9263	5435	240	8998	5272	4982	3025	1613	6272	5697	5118	9034	3035	9463	5927	5325	748	3452	4257	1190	8926	4897	232	4223	2804	1224	3014	3021	898	4024	2357	1746	9597	8963	5121	615	6704	9206	9266	5481	2481	5360	713	3249	100	7367	248	2280	2095	1960	4615	2362	5437	9885	3412	7259	2630	516	9354	1639	5902	2957	118	4334	3421	1908	5478	2481	6928	8448	9042	6182	6943	7851	1056	9506	2622	1380	4963	5735	9207	3537	819	3147	8439	7272	5475	8795	9800	3072	463	9952	4736	3363	6276	2658	2168	9239	7365	3994	399	1998	3306	6284	7376	4362	1388	6437	129	9413	8991	4353	5357	2096	4863	7904	2421	1786	1502	3481	258	5412	1132	9632	575	1138	7496	1077	5412	1044	406	637	7173	8950	4034	5284	3485	2277	7124	8754	2213	883	2277	5422	7498	9437	2304	7697	7470	8587	3132	5661	1933	1943	7401	2893	2194	1986	7001	3646	3019	8067	4402	
5953	5335	2473	6235	4357	7186	6675	2159	1683	0	5663	7371	4369	4225	2373	1422	260	1089	8946	8530	3942	1324	4231	7333	4176	9953	743	6505	2642	4726	6606	4735	2195	8880	801	8435	6506	6273	5816	2996	7868	2097	8410	6711	9287	672	5367	9324	5934	7978	2812	9873	5478	8125	4691	7477	5584	5415	7497	5280	6585	2740	1748	2257	5278	2582	3892	969	5108	3349	2728	8102	3126	9802	8757	8210	9008	8422	83	6237	8204	9896	5001	1560	3883	2927	410	2532	8055	2013	1727	2378	2854	813	8983	7308	8193	1238	7084	9835	6934	1759	9224	4779	7178	9542	7128	8788	339	780	3728	1499	6630	6355	2399	2816	9052	8075	7461	1849	5563	4937	8818	4751	2626	4681	7600	1910	5828	1142	3075	2371	7097	3287	4304	6986	2945	5212	7260	9894	522	7609	3206	2588	1428	4274	744	4626	4083	5865	7770	155	9973	9555	856	3878	277	8337	9350	4537	5423	1534	5104	1512	4980	9044	6662	4059	8464	5349	8968	1342	9371	7030	9582	6202	4093	2446	3548	1876	9110	2384	1268	5236	1037	3108	7084	2377	1686	1261	4609	8412	3801	6295	9724	3026	5937	5631	9156	5622	9666	8664	9844	246	4367	8187	847	6556	2315	7070	401	3984	7470	280	9272	251	5322	7476	6211	159	2543	2260	4521	4902	1211	3945	6798	3817	4054	3440	1569	2211	2062	5742	8025	388	30	1247	225	6009	6132	
3386	1965	8295	2005	6107	7525	1981	9060	4491	5663	0	8987	1441	1500	6771	2155	2800	3112	2822	4714	1335	8273	662	5631	3319	5665	4718	411	9502	2549	7692	8350	3382	3578	1819	7342	494	1778	9615	7403	4029	1675	5169	1980	116	2274	588	5470	7027	947	343	1519	7791	5061	9204	6694	3235	500	4807	6261	6020	6254	3947	2801	3769	4227	4690	3330	9243	1094	2348	6102	9338	1577	9706	3402	7648	2520	9539	7644	9594	7333	8118	9227	6995	4468	4529	4560	5123	3959	6017	2241	6153	7565	3115	258	3300	9574	1547	6511	2345	9546	1723	6121	1856	4027	9607	9085	1343	8520	4670	9883	2299	5060	427	3812	908	3270	8964	9365	5073	7042	6307	8196	7476	9176	5300	9673	2239	4251	3918	1567	1183	2245	7205	6187	9751	8249	2623	1196	1816	2153	4070	4419	8336	6137	2205	1429	337	3844	1879	3966	564	7197	3220	1385	8109	9384	3805	3789	5009	411	2914	586	4917	3295	2530	1589	2584	7147	1627	7616	228	5363	9027	7277	1665	6252	6278	2868	1099	5860	1376	6083	1541	1088	4957	2006	9485	2086	671	1911	1266	2812	2001	3063	8787	6240	7402	1406	5146	3913	1843	9792	1050	1230	2332	2737	9332	8614	5052	3562	9552	127	5992	3387	3802	131	3766	9363	9115	5704	4978	6063	2058	2039	2529	367	1346	6384	260	207	854	2651	6383	4885	6530	4594	3819	8870	3619	
128	25	993	2055	1285	3254	2767	981	7069	7371	8987	0	4573	6056	3582	906	4750	6839	7343	6685	6655	855	169	2287	2568	3470	2060	5362	1285	3739	6810	6153	4631	1050	3584	5586	3914	711	1926	4996	1431	3750	6469	966	3003	1938	408	913	8968	5461	3207	2614	2202	5944	5776	7602	2300	5467	9510	6081	6796	4455	271	5617	253	1218	3688	2153	3004	2643	124	5321	3317	3894	8421	275	3686	3234	1698	3099	3780	7673	1721	2012	7533	480	7711	4203	2894	3488	742	8815	198	1388	9878	2689	9818	8181	8160	7520	8906	650	7790	2456	1892	291	335	1844	1160	63	1442	9842	4092	5261	2960	1159	5393	4424	6607	82	6869	6023	2948	2325	7866	836	1097	3633	8262	3626	8431	1121	2589	21	645	1898	6093	2181	1610	129	3640	3203	9344	8525	4871	7047	9714	7103	2204	3929	8807	2704	649	1366	503	7834	5391	2517	4029	5257	586	5211	6958	1011	1467	2236	121	4149	8758	5843	2671	7584	1326	244	4213	2613	3917	2288	8568	9981	9144	7496	6992	6684	7953	8246	4344	7958	7583	200	1724	4914	156	9326	1684	478	2174	2823	8449	1331	2792	758	7734	5291	8097	2203	5033	1649	1862	7279	7129	7928	5531	3216	4017	8878	5335	6894	6430	5009	2929	1077	6334	6035	2102	6636	9882	9738	7789	5197	3574	3340	1164	679	6502	1257	9819	6912	5427	7417	2169	
7226	496	6469	8141	8402	1959	6443	8615	6212	4369	1441	4573	0	1518	6798	472	8207	9832	147	2222	7714	4584	2514	8228	1901	4692	2955	9828	990	1005	4312	7632	607	7896	8079	3382	2440	5324	2471	8723	4339	2858	891	3317	6673	8771	4462	4069	7691	5671	286	7429	74	6250	3835	6550	1419	2940	5786	3582	3150	6105	1525	1000	4910	4574	6421	7979	8022	5917	163	9552	417	883	2635	526	1731	4312	802	408	6486	9718	3977	4058	232	9405	5426	304	7619	5607	9203	5128	3276	3272	6329	840	5889	6776	5999	4195	4909	2420	5119	8072	8797	1409	8200	3531	376	6611	289	7033	3546	541	5405	2214	8834	9225	3343	9513	8621	2059	2223	5610	6130	3649	4558	6778	6256	94	6086	9636	2932	9063	3910	3	9440	1053	5309	7365	1864	8413	2884	6718	4270	4596	8929	7007	4897	7926	1897	6665	3457	2321	1270	6717	4839	1581	8601	6437	2403	9080	7826	5224	4757	511	1358	3530	8752	3247	6320	3138	7659	1197	2339	3633	6042	7922	3550	2400	4733	3692	1961	2872	8680	1537	4639	3447	9827	2917	805	1602	7170	2333	5306	7958	3111	1236	3311	6532	5126	6543	1001	6973	5450	5181	3429	4409	5462	9985	2907	8430	3023	1746	9894	4479	8984	8898	803	1347	2653	2238	5608	8216	2613	6342	4487	2615	1858	1678	4946	2745	634	1844	993	6603	9595	2083	1954	2606	42	
6827	8348	4322	8	463	1705	180	2129	8090	4225	1500	6056	1518	0	7063	5281	7379	4509	4977	3081	9221	9354	2558	2873	2038	9407	1171	2938	1919	5540	5483	1504	7282	9390	5477	1391	6674	9333	3479	3648	4774	8984	2360	1972	3177	4815	557	9128	374	2305	8850	5465	1762	151	7483	1370	2154	7312	6235	6516	8047	3671	948	1598	591	2467	3312	4333	1446	1725	2593	2653	7541	871	5204	4096	3537	1259	5291	4775	9087	1281	6490	6479	9231	2021	994	5918	7174	3656	9293	2782	561	6710	7353	184	22	3449	7369	6485	9885	300	8215	6337	7040	2578	1311	1665	5263	1767	136	2726	5735	5751	8068	9347	147	6526	3835	9084	5891	8560	2642	3039	8652	810	1666	87	5296	4760	3030	1582	1744	8456	1732	1507	415	9791	112	109	2393	6251	1854	2591	5844	1785	2487	2780	5494	7208	797	844	2103	4974	82	5776	8440	4105	7670	8770	4980	1656	9952	8849	934	7115	2415	5772	9195	8264	2544	4812	362	1072	7859	6919	1025	3825	7386	7586	7649	4061	2866	279	5692	4219	6917	8808	7438	8413	8110	5570	955	2225	3758	4069	6599	8108	1887	2451	1612	6580	2744	7719	1527	6268	2384	137	659	9142	1910	4527	4219	9060	5072	6645	9850	4911	4418	976	8389	7532	7010	9999	107	5692	4346	4051	6508	8018	9661	6737	280	6155	1886	9030	3481	3865	4781	6842	1908	
1885	9446	1646	3025	1889	6373	942	8898	6024	2373	6771	3582	6798	7063	0	5072	1171	8152	1436	5093	5872	3837	8312	1267	899	3839	2661	1712	9050	8976	8175	3039	7578	6627	892	4343	2065	3998	2825	6773	9882	5504	9673	7869	5058	3509	6315	7319	1785	9576	5228	9800	538	5928	894	5869	2334	1054	1319	415	6797	1294	1436	6388	8055	5116	6911	2098	8851	1473	2950	5514	2614	9390	8783	5970	5574	1248	7665	1651	9103	2629	3988	36	2230	3325	9652	3063	7276	8997	658	2323	2405	5920	9484	689	4649	2167	3117	9979	2123	1043	7672	5058	7464	1191	3649	2303	1042	1347	5821	9436	2750	7703	4731	9107	1995	2149	1027	3863	4709	7835	2830	2563	376	927	9685	960	2200	3147	3295	362	3568	1995	9014	6453	3322	3508	6809	2988	8527	9736	1191	4874	8319	6215	2474	3997	3234	392	6466	6583	656	1528	5220	8247	8639	98	2722	583	9819	9985	5388	5911	8299	6562	616	5275	5042	8892	2190	6128	8514	4212	7495	4997	136	5069	5320	9208	4468	685	729	9598	1575	9526	6603	166	4706	3554	8120	240	9820	96	8733	4666	8244	543	1126	8236	1752	3688	8953	741	1078	8290	8998	9669	4033	7728	2141	157	3799	3069	1888	9651	3728	2298	5451	1098	8441	1591	7649	1746	6017	2993	665	2188	5987	8219	8041	2112	8550	800	7649	7826	5874	1815	6043	1587	4580	
7588	2745	7137	296	1308	1944	4140	7651	9593	1422	2155	906	472	5281	5072	0	5912	433	7012	2755	4991	5792	3552	6580	9647	9932	3034	7595	1912	1925	1445	6499	5371	7144	7715	3696	7437	1096	3744	9267	5851	5758	7599	5981	2046	6750	1813	7847	2367	7389	853	9682	8540	9904	9244	1099	4091	2375	1646	2273	9630	4874	4049	5322	487	3826	2472	1426	8990	1643	1106	4774	8258	3224	6725	6832	6413	2552	1476	5876	3626	9896	7513	3578	7675	6697	6431	6988	9174	2035	4591	3235	6192	5434	9869	5278	8157	3296	1364	4355	1078	8811	2240	6376	3996	1384	3850	3443	6988	960	1769	2209	4484	9002	9270	5797	2069	9186	8721	5457	2233	5097	8739	825	1527	1388	9283	662	916	601	4045	7241	6540	5039	2480	9649	1762	1269	1303	4254	7716	4494	2250	4662	7987	2684	4854	2809	7729	9235	4250	6448	4396	7439	7411	7739	1898	1065	8267	4507	5093	9413	6621	8269	89	6079	1068	1672	4043	3608	3396	1753	2717	7291	2545	4253	6511	5845	7743	670	840	3716	2290	1410	2278	1871	375	7329	3746	3335	91	4117	807	3101	6106	2438	6612	5460	4538	2727	7120	519	890	1851	3518	2958	645	6269	2385	5853	9563	1630	2226	8350	2177	4991	751	5361	2152	2530	918	7616	1932	7228	3667	7496	9806	2638	2870	5557	5028	132	2761	6588	3759	2813	752	2255	4605	9197	33	
1927	9911	3080	2138	2149	4987	6242	4846	8468	260	2800	4750	8207	7379	1171	5912	0	1469	9457	9215	118	9400	6080	8879	9553	4571	940	4167	9135	2172	5494	8616	3072	9822	5936	6875	1335	3754	1969	9944	2061	559	1196	8024	762	5415	2547	8566	3830	8380	248	3147	157	8139	8997	730	66	5863	1389	8184	1525	274	8082	1792	2215	7000	1927	5511	5277	6284	1465	1419	8836	8102	1610	449	3461	1517	3726	5872	249	1970	6746	9960	9854	221	1529	2471	4074	4221	5665	2877	1391	4042	5366	9006	9776	108	7197	6792	6451	7153	5844	8085	695	4587	7088	947	4472	7417	1926	4115	5713	7320	7438	1311	1362	3544	4341	9231	7778	2627	1314	1661	1142	604	315	8472	8226	2693	2073	4086	8479	3684	6874	4974	6270	2310	1701	1029	4060	1587	4835	2262	5975	901	5564	2279	2544	2084	9231	7642	9473	9923	6167	3074	3361	5937	1498	5447	3830	2456	7171	347	9626	6506	851	5853	5217	493	8739	1790	4361	1972	4669	3555	5043	1649	5276	1994	7601	359	2529	8608	177	2949	8967	770	5273	1024	313	8387	5571	4031	1251	6413	5563	6797	9671	7691	982	2522	7937	1143	4918	5363	9244	9968	7948	9892	2710	238	8141	1739	1697	6233	231	2703	444	6294	8741	8465	3762	19	4530	1745	2289	8246	6603	9044	8062	7264	2504	8708	1015	8728	5452	1865	1976	2214	7978	
5942	6908	6594	6306	1710	3241	2510	7989	8860	1089	3112	6839	9832	4509	8152	433	1469	0	1191	8754	9148	3179	1832	5961	8892	5469	8811	541	5238	5806	3100	1676	9040	1738	8551	3013	6924	465	8279	3584	4548	9741	4596	605	2697	7554	4893	9114	6972	2214	6961	9672	3212	1907	2324	3984	930	2747	8896	2882	2154	380	8618	3951	8419	4788	8167	2600	5879	9510	5615	9397	1023	1981	4353	9627	7393	7457	103	9736	5196	8760	9386	2016	342	9855	985	3422	3731	2712	4743	5843	2873	6550	9251	8850	4322	5063	171	1136	6433	3506	9939	1494	9672	8465	1843	3609	6746	1568	303	5755	2109	6743	6507	483	5266	8260	590	5835	6343	1501	2294	1480	9420	4741	9773	4703	9958	9436	9371	8998	2257	6860	3452	8697	6681	7761	626	3903	7034	5400	7774	4684	598	3548	8827	55	7831	7469	5532	7310	390	4578	7192	8297	635	3856	1042	2669	1734	5803	9198	7475	2142	8620	1664	2664	8040	6692	1191	4469	2426	177	875	4097	592	350	3779	6630	3006	5232	2442	7841	7927	2894	2002	2318	3246	1904	1689	2276	332	5851	8316	4301	7233	779	3401	7881	7406	7571	2649	2323	4978	8994	4046	7172	3523	9350	5721	2550	6415	2245	6800	9180	2516	5657	8990	480	9101	1532	891	348	5166	2293	9549	1966	9330	8897	8031	7206	1010	4806	4881	7089	3561	4051	2272	2683	9558	
9073	7157	7716	9588	4132	2922	2768	8892	8955	8946	2822	7343	147	4977	1436	7012	9457	1191	0	1004	5943	4913	498	5	1862	4213	1987	8637	9043	8933	9632	8333	2206	2077	1621	8864	9882	2172	9817	7013	5464	789	2750	2755	3621	1448	473	494	8312	6704	2067	9559	2661	1725	8351	4024	9733	1429	141	8623	1049	3046	9694	1466	3132	2720	9353	4789	8761	4769	7965	8272	8926	4384	6328	2341	9839	1758	2056	3640	1006	3674	8688	7520	8249	1284	2653	613	4756	1076	9513	5130	2521	172	3728	1340	8317	363	6754	8619	9797	7124	2632	3226	4952	9342	8649	5506	5895	5293	3615	2380	9738	3633	1334	1182	317	4493	1205	1796	2892	74	4145	2531	3434	1341	8526	1931	184	1463	951	4395	3523	5820	3328	7066	3391	7079	8121	5219	3843	6843	1734	1311	9973	1148	5117	5098	5096	5311	2464	1471	7875	2640	9579	9621	692	6803	1536	158	6165	2541	5041	7181	173	1123	1918	5160	4634	4611	4656	2703	5437	7650	885	9676	2183	4693	6653	7611	1283	5844	1699	8172	3987	3052	4561	54	5360	6021	7021	7582	8076	179	1928	5832	4138	9744	2618	1981	9617	1786	1366	207	3821	5400	8963	8585	8454	7267	1293	5322	1733	2947	4841	611	4356	9496	4873	2974	5429	7674	5439	7634	2742	2099	4948	7461	6739	5915	7531	2177	2588	1284	1170	6538	4601	6999	7913	9326	3116	
1094	8911	6335	159	8310	3767	8524	1872	7670	8530	4714	6685	2222	3081	5093	2755	9215	8754	1004	0	238	8663	5854	1766	9924	169	9373	4348	9146	5035	8550	1355	6892	8524	3923	7530	6083	1709	2971	1759	4780	3883	571	1108	1385	189	3225	4779	1334	336	5061	9344	574	1585	3392	8094	6527	1082	2449	949	5852	2769	5206	7755	786	4205	4696	5888	9981	3019	1523	4374	699	1248	8324	6048	433	3279	8355	6586	5437	8413	9123	858	2540	9924	2072	4358	4492	6101	2472	6150	757	65	7925	3403	148	7226	5610	4577	7240	2261	3300	9456	16	7091	9539	8825	5140	9568	1041	3647	9396	4987	6722	1923	8766	1208	893	3893	9236	3330	2250	792	7836	3189	7180	6774	522	2987	6961	8131	9675	7716	9511	8806	2755	5692	193	8629	9514	4152	5883	6513	8675	5249	3242	2882	9181	8308	3272	2500	925	7065	9230	3490	6667	8835	7234	6033	5596	3703	3684	4401	864	240	5156	8383	925	4754	9206	3502	3164	3630	6808	8200	6258	6742	8707	1856	7618	1762	256	9065	3408	2881	2733	3404	9657	740	3376	742	2114	7783	8124	7312	3822	8353	3490	9380	5748	4335	1833	4796	4064	572	464	348	8809	4899	5012	275	9667	9144	2846	6014	9750	9780	9486	8543	2046	5839	4686	5692	9428	4915	7264	8570	557	383	1561	1611	2130	9609	3506	6102	7488	7352	61	9830	9440	
9560	7871	9976	5961	2322	7059	931	1559	1390	3942	1335	6655	7714	9221	5872	4991	118	9148	5943	238	0	7504	4229	2885	2057	1231	5833	8859	2229	9112	3626	1921	1906	8110	2963	4299	7178	979	8265	3190	1445	7857	9138	4590	9725	2569	9835	5396	1538	1243	7061	7677	8783	7461	5839	7742	4349	3071	7802	1110	2342	7350	6697	2637	5677	7495	6567	2444	8684	8671	7390	2269	5230	6576	8085	293	1870	4167	5529	2894	5456	2092	3952	9082	2847	5562	1194	676	3398	8447	2824	7673	802	3318	4882	328	4327	9907	7651	166	6483	1343	3848	9141	7952	1077	2985	9318	1118	9403	5479	428	3008	2949	7015	4467	694	2182	6285	6369	9963	9881	1533	380	9232	3728	9005	716	9960	8298	1087	2738	9557	1930	5950	1529	1251	9093	2215	4731	6468	8397	9211	9303	6332	8364	785	114	6765	5586	49	4508	6566	8627	46	757	6775	7643	4531	4528	1977	8820	1074	8518	8876	4025	4953	9390	9600	8171	711	6523	4439	1924	893	7975	395	1626	8055	3071	253	9159	525	3630	9630	214	1045	30	9025	2016	7100	1340	3680	1896	69	3868	1854	8036	3985	1534	301	6286	592	1615	6929	345	4870	4370	2997	4759	945	3472	2332	8634	5930	46	107	8906	5466	5279	8021	615	4223	1273	7366	6688	3248	9308	2357	2259	813	7312	9027	1221	8842	1086	6121	1908	4589	5266	7538	
657	3541	5039	2868	2691	2837	8811	8860	4281	1324	8273	855	4584	9354	3837	5792	9400	3179	4913	8663	7504	0	4059	1526	9455	2324	4870	9119	612	85	9399	2500	7118	2251	6168	3589	4990	2004	1090	650	2284	8999	5645	3382	6620	8747	1193	7934	5712	5111	4445	6444	750	4714	1790	1199	548	7068	6610	7589	1033	8948	8964	5132	9253	4955	9915	4758	6467	1088	8967	5035	9942	1310	3964	1507	9899	8027	5922	5828	5966	6211	9211	8696	5919	6357	8951	2387	5973	9851	4949	6244	2019	1680	8075	138	7851	3053	9287	7465	225	3716	3991	188	817	3569	870	2413	6436	8269	9400	2579	6478	3717	1512	7020	7483	4363	815	235	9116	7643	568	7395	365	1633	5938	9781	1545	2681	8534	550	4095	4582	7497	3685	3142	3736	5140	7963	527	3704	1586	964	6043	8373	74	1725	4397	692	3086	9215	5824	2163	339	2459	8940	6687	3266	117	7589	6423	5326	8566	9221	1216	631	1357	380	8986	670	2966	2549	9699	3946	4782	8682	7371	5978	534	9994	5672	4044	2054	6106	1579	5182	8563	2858	3090	2275	8227	2937	1615	4152	2401	60	3977	7735	2829	9083	8481	940	8566	6188	616	6678	4394	9813	2655	2656	3037	4316	2463	2401	2504	4129	507	6672	1940	8846	9922	3916	9447	7005	9273	7388	3118	6075	6057	7426	5980	1036	5060	85	6082	2911	7486	8719	8416	1779	
2334	6849	4387	7323	2912	2303	4321	2003	6130	4231	662	169	2514	2558	8312	3552	6080	1832	498	5854	4229	4059	0	4314	8660	4538	4554	4290	1140	5342	9293	2779	8739	6229	8640	1864	2343	5672	7832	6862	2529	9190	8346	3480	1520	9715	7717	3547	4594	1475	7491	8637	7741	951	6620	9954	429	6678	2908	2743	6446	3600	6854	1443	429	2479	57	3658	4282	1519	8690	3828	2193	3728	2961	638	8873	3962	2000	5215	6075	3648	786	7997	5687	5431	537	864	3988	8505	2123	6712	4312	4101	69	8763	5911	6378	4224	5650	1358	932	1475	8836	1346	4485	4857	6451	1540	2440	6453	550	1256	5074	4195	6790	471	777	2193	3085	6018	9242	8254	6219	1159	7462	3585	683	1705	1021	45	8246	539	3342	6084	6999	77	6620	3977	3743	8618	9893	571	2025	1985	3936	6895	144	1507	9701	1644	799	12	9986	3437	8586	4918	7018	8979	668	4986	4144	5273	224	921	1973	1036	2643	3594	9934	6346	9866	2404	6554	778	256	2462	291	6909	483	6948	3170	1411	2944	5661	2008	353	3963	556	2666	289	3092	9748	8124	2667	423	9711	1074	4547	6546	4992	1635	1299	7772	6695	6447	426	8916	2006	1602	37	295	3682	8713	5405	439	6700	5685	9457	872	3472	8094	181	4316	637	2745	8299	514	9014	381	1762	1467	9721	6338	8716	1549	6798	7387	2564	4283	5058	
5439	9521	8240	5392	5627	931	3554	2504	5238	7333	5631	2287	8228	2873	1267	6580	8879	5961	5	1766	2885	1526	4314	0	9974	2623	3205	101	6578	2	2347	4752	7104	7285	664	6107	9709	9319	4381	4654	5199	7090	539	7974	8957	7519	6613	2811	532	6253	4278	6752	5447	4399	2927	3946	4919	9860	131	3332	3572	5739	8022	6562	5922	3685	4755	1333	479	4221	5309	3919	4548	1734	601	4471	1355	8053	7642	2719	5344	3183	8477	6564	4954	67	7862	582	588	4715	362	2009	7527	79	4959	6762	275	9050	7393	1830	7166	6641	1110	2904	2803	2706	868	2353	382	2057	2193	4717	7615	6553	8427	3283	9565	6169	5786	7533	5774	700	3251	730	1764	182	5406	2336	7402	4316	1194	3477	9247	2491	9471	6736	1074	6555	9876	2508	943	7925	1586	7501	520	1187	4009	9925	2888	7928	2610	4185	2212	176	980	8368	8931	136	8059	9852	9184	6497	8838	6428	2765	4609	4527	7360	7881	8683	8993	1791	7893	9904	4661	3814	4644	7990	3469	5474	626	5800	1765	576	5207	7742	4103	6994	4395	5422	830	6533	4908	387	5837	4033	2013	2765	2400	7377	9154	3961	9651	259	9881	3011	1170	2594	747	1177	5121	3186	8436	1633	9293	1867	8542	9614	466	5722	2853	6751	5311	4724	6807	4089	3303	6685	5082	6422	1193	4505	8226	8878	1650	7776	9347	8117	7313	9591	1460	
8530	1140	233	6227	5219	845	6548	1931	8270	4176	3319	2568	1901	2038	899	9647	9553	8892	1862	9924	2057	9455	8660	9974	0	8276	7340	7820	1301	6972	4289	34	5106	9785	3519	9630	1720	8996	614	9121	680	1787	5180	744	1082	1973	9922	3280	307	7696	4854	174	6986	1326	6810	2910	6824	4592	9637	7337	2462	3057	9529	3245	2427	2790	2309	2536	2205	3955	9531	9540	8040	5442	8244	1306	4613	7201	2355	4432	8013	7993	1960	9252	7287	2902	1526	6846	1518	8740	8822	3969	6182	2518	8701	6483	976	9245	8716	2526	9308	7591	8535	8149	9502	3093	2104	2202	6837	5122	3172	2735	4136	657	4030	1084	225	38	8075	9745	3166	5416	7302	8684	4982	453	5781	2621	3098	310	1916	8120	6284	8325	1616	7771	8627	7789	1966	4305	9935	2912	1805	6390	571	9886	9426	3244	9569	6853	2290	5069	2962	4324	317	3954	5173	8885	8425	4115	3008	458	7757	416	7413	8743	3679	8048	847	4192	3104	8919	1581	1908	9670	413	6622	4890	2106	6509	5646	4395	3684	9708	7808	4017	8707	5451	6860	8462	7969	6845	5099	1936	1079	8173	769	8356	1613	2042	6233	1976	1924	1620	6007	373	3560	476	4538	6493	1632	5927	8737	3409	6519	7364	9248	3590	3376	8654	2867	601	502	3507	3938	3073	7858	9958	9909	6372	1520	2402	2266	6892	3828	2256	8469	4571	553	4603	2903	
1190	8725	3487	794	7245	79	5153	2761	2156	9953	5665	3470	4692	9407	3839	9932	4571	5469	4213	169	1231	2324	4538	2623	8276	0	525	7626	2514	1218	8798	3205	6861	7931	2684	828	9476	2577	2573	5790	7453	430	5508	6902	2004	2188	8928	3186	1359	3833	5237	3655	8339	6942	1087	4178	5937	3244	1668	8082	1557	8184	2394	9204	7681	217	4250	399	8101	9167	6883	1122	1618	8422	8657	9851	5887	1515	3551	1146	107	463	3850	772	7188	1498	40	1644	9976	1730	9610	8287	7081	8523	8494	2590	3350	8801	4552	1490	3449	1300	4657	9163	9595	6403	784	1177	8078	8989	233	6383	1116	6323	5651	149	2092	7698	4639	2141	102	3632	117	1896	1847	2149	2785	1722	6358	2092	7630	7403	5943	8665	5025	95	9024	4733	5162	8185	2091	568	1430	6331	4748	2990	4105	6817	7843	2126	6090	1311	4819	9935	2271	9863	1812	9995	651	1408	471	7601	3605	3203	1977	4741	5739	7784	6505	9483	1142	3777	172	7700	2687	7637	2017	9448	5987	4176	5201	9621	6995	4008	4985	726	5695	7043	8283	6792	1636	7368	114	249	3140	2323	9445	4033	1477	845	9917	294	8620	6459	6074	90	7547	3397	755	9320	3081	5690	9197	1584	9649	7074	3807	6270	558	52	4691	9986	517	2842	4830	2363	2979	1025	4980	9301	2153	1573	3334	9749	805	9261	9517	4002	6483	1459	9452	
8478	995	3994	1220	2476	1032	7181	4061	3469	743	4718	2060	2955	1171	2661	3034	940	8811	1987	9373	5833	4870	4554	3205	7340	525	0	871	1555	3191	3601	438	509	1028	7916	1471	339	6642	7043	9121	7925	7518	2053	8144	7643	1175	2253	4328	9070	5946	4874	7841	4216	6353	1725	1187	1358	583	8946	7004	9818	5807	8147	1328	5726	5605	7993	5872	4598	4629	4548	3694	2493	1996	3261	4736	4963	4700	9834	9459	7693	227	8850	3665	3149	4733	2658	7190	6500	4281	2431	800	2357	8266	4076	5957	8380	2527	8142	3658	7903	197	7918	2529	1476	7164	3359	8386	3315	1895	1634	7757	8717	1592	854	2030	749	4235	3779	5810	397	9745	985	2746	6973	896	6900	2590	1248	4425	2051	1956	3671	1291	9369	9937	1826	2054	2371	5518	9923	7586	9228	8847	1462	897	2670	4080	7935	1986	8057	176	8466	6151	809	9667	2008	4090	2562	9443	5729	1451	5759	6999	3093	5293	7085	4022	5727	450	2673	7197	1484	7732	1233	608	480	2054	8433	3902	8939	1786	8892	600	8586	9124	454	4099	6352	6606	9584	1291	1223	7437	1500	9658	673	1348	753	3914	8452	2584	6225	9127	1846	1125	5001	4713	4484	1583	9096	7456	5769	3658	2260	2257	7262	734	6362	449	2205	1733	1380	6703	5754	2663	16	3750	6996	1433	8798	6994	3272	5137	1178	7188	9863	6621	3851	1089	3577	
7999	3976	3080	3000	4090	1664	1949	3062	1246	6505	411	5362	9828	2938	1712	7595	4167	541	8637	4348	8859	9119	4290	101	7820	7626	871	0	6292	9035	5344	2050	9836	1801	275	3460	5038	1787	533	7845	6664	1175	9734	2579	2161	1012	4963	7653	1426	1148	7209	4851	9539	6965	6362	2169	8676	2609	689	3096	1133	4978	1107	3645	8775	962	9112	5846	5309	6178	808	9330	5885	929	8233	3577	1876	1008	6392	4316	1737	9235	1221	318	8136	9210	1812	1475	7346	7601	5489	5304	1346	8773	4628	5267	2836	9160	8709	1708	1265	3031	9602	3260	6718	8570	8303	3092	2502	4411	237	1970	1140	459	5022	5424	2486	353	6104	9342	9983	1124	1256	1089	316	1852	1497	2171	7209	9011	37	6332	9076	9266	954	5081	4850	761	2609	2397	1184	5215	7179	8910	2941	8187	93	3921	1671	6258	6446	9568	2307	2514	2015	9339	6177	9070	6410	157	7151	2939	7853	3632	4124	1386	8009	8019	3264	3976	6534	6923	8747	834	4234	8440	7115	5597	1706	954	146	4068	1920	2035	102	8771	2813	7567	747	2100	1472	1105	750	6568	7944	9983	3779	8249	1319	5842	3314	9581	4791	1799	3533	5501	5825	5481	5398	9063	620	5826	2654	9889	4547	2703	289	9471	9723	8516	5056	3270	6195	4672	4462	9794	4348	3154	1856	2133	3307	8396	9183	1521	348	1847	2032	4104	6553	7192	662	
3058	1915	7854	1322	1086	1771	3235	3245	1298	2642	9502	1285	990	1919	9050	1912	9135	5238	9043	9146	2229	612	1140	6578	1301	2514	1555	6292	0	6466	6924	305	2085	6639	8226	9771	1546	7389	2608	786	4890	4492	4730	1057	2040	5712	4897	3376	1387	2135	2109	3307	5119	4172	1660	3285	1018	8347	122	2349	5842	1653	3425	3088	6078	9590	1490	287	3690	1270	4053	3746	9711	5565	1406	2076	5602	4459	5681	7809	9084	5239	4966	9814	3738	8949	3744	2024	2645	3357	5947	7504	9476	2746	2260	4261	8721	7440	286	147	2138	9666	8738	5387	2665	1411	6886	1786	7334	2139	3809	7774	6411	780	3758	3862	4952	470	2639	3673	9352	6615	7012	2522	163	6599	1053	1915	6086	5700	732	1952	6832	8793	4062	629	1647	6532	4779	322	5018	3592	187	4285	8512	8752	540	1313	7041	4853	2642	7999	4491	2418	2014	2274	9336	1573	8451	7223	7925	7769	5284	2684	8854	7442	1217	6856	6537	8857	8868	3900	2040	5161	1207	2521	2515	5961	9241	1970	8349	5259	1841	1698	629	4020	1521	8785	9561	6460	4126	2131	438	2168	2111	7106	9347	2071	5189	77	2590	362	6506	977	9079	1928	5357	119	1996	7104	3964	5550	5588	2512	6579	1163	5088	5957	6276	781	7935	2628	1543	4438	113	2537	1253	519	2287	6174	6447	7067	8120	1983	757	1624	2415	475	8307	6113	2515	
4535	7213	7162	7718	3706	99	4554	9862	272	4726	2549	3739	1005	5540	8976	1925	2172	5806	8933	5035	9112	85	5342	2	6972	1218	3191	9035	6466	0	4765	3454	1247	5535	4475	6992	9712	3331	3423	3360	1377	9922	4645	2422	9944	6047	4868	7389	7077	17	1984	6490	4923	2350	399	2092	6457	6695	3355	2292	1998	544	1111	1095	4332	7796	7750	1473	2060	5574	9496	5565	8690	1051	5814	6738	306	4854	272	2608	3171	2179	7701	6140	4276	8184	6787	4551	3868	3865	7392	6102	662	7308	6200	2142	3389	4812	439	6670	916	4017	4073	322	1386	7984	8176	3796	5179	5135	4983	3637	6810	4012	8565	6173	8846	8815	835	656	5562	1468	5377	1250	7458	477	5206	331	315	4624	1079	1326	4850	9005	7706	1399	9744	9147	811	8387	2844	3635	351	4613	1009	6356	247	3926	353	8345	8423	7564	2090	2648	1608	5807	1897	6941	2890	200	4781	870	3550	1370	7661	1168	3299	3813	3516	4098	3231	3560	6811	1848	5617	9848	7632	115	2693	527	1910	95	2247	8774	6245	613	9115	3333	419	2802	7436	4762	2539	1720	6628	2057	4541	6515	1644	6148	9607	5231	1988	8923	6450	488	6837	7221	6319	4561	117	9823	6324	3833	5659	3492	9666	4171	2435	3950	9161	7846	3844	6140	2654	2013	6128	6900	5915	4111	3116	7163	1623	5000	6833	2339	1897	6713	723	5860	7255	
6737	6613	1535	3144	6187	7574	2381	9358	1114	6606	7692	6810	4312	5483	8175	1445	5494	3100	9632	8550	3626	9399	9293	2347	4289	8798	3601	5344	6924	4765	0	3495	7168	4991	563	4080	1594	2798	4537	4963	4840	3264	1186	6607	7770	1091	6429	8348	6604	435	830	8394	5981	3027	4791	6999	4560	9929	9142	4133	1874	8462	6703	4619	2765	4694	1292	9034	877	7949	6354	7459	8338	3443	3718	7303	1685	9322	2320	8463	1342	989	8030	1325	853	4547	7644	6579	5159	4372	6643	1107	6171	7899	1472	166	102	1389	2102	6113	6684	6537	8390	8964	6440	4912	6446	7365	1486	9639	1023	4621	5135	5146	8724	5777	9004	9940	3728	2996	127	6605	2551	6907	1222	7218	1680	3505	5569	5787	745	9179	79	1865	2764	2383	8628	6351	7681	8977	9885	1026	6547	5758	8743	7748	2743	2141	8524	6525	5434	2802	5231	8587	3643	2788	5915	1340	7993	5298	4295	2393	206	6850	1709	9110	6604	682	5884	2999	967	2467	3018	4341	8979	9802	9965	192	2383	8952	5388	7335	163	8149	9441	535	4694	9224	2562	9825	4387	4578	8448	3967	4860	8653	5648	855	5887	7967	3465	5584	4008	147	3836	613	3416	1353	4267	2137	4101	2268	691	4506	9698	4021	459	9224	9104	3134	290	9639	8148	442	628	9828	475	8867	2782	1557	1596	100	2594	1396	4205	1849	5949	5516	9337	6771	2455	
1303	2691	7729	84	4443	2173	8178	4355	3903	4735	8350	6153	7632	1504	3039	6499	8616	1676	8333	1355	1921	2500	2779	4752	34	3205	438	2050	305	3454	3495	0	1492	9584	1824	3418	349	2527	1002	5799	6919	9969	3422	1653	2393	4342	2049	3243	2016	3588	5454	1888	8615	6331	6851	465	440	349	13	2547	9362	2926	3552	7466	2732	6376	3804	9369	1817	1522	2508	3403	9676	82	5441	6017	2637	4113	2462	9132	9132	6590	5589	1326	5766	7701	8051	8540	4823	929	135	1943	9871	4751	9256	7580	5815	7254	9144	7768	501	4564	9251	2719	4574	6394	8221	639	1260	1915	2043	5409	8032	4337	8432	2880	5226	6625	827	9788	6599	6896	5855	3105	6633	3157	9812	1508	7261	6384	2460	4654	2634	5612	5848	4701	9718	5554	5547	3431	2093	9982	8447	688	6596	5845	6823	685	2778	4567	6213	377	7152	594	5565	4585	4955	9799	5674	2236	1848	401	352	9493	1855	1938	1441	9035	1467	8368	419	3584	8073	6625	3234	9553	9262	2595	8354	5694	7150	1840	2536	3515	587	1295	1338	54	3707	4109	8435	8714	9837	94	332	5795	1981	5823	775	4147	2742	5342	6750	9252	2311	7933	8028	5326	3193	4690	8761	2283	1712	6530	8188	5610	3104	7968	7228	5537	7474	4368	9752	1399	822	5953	200	497	8699	1162	6963	9963	9182	1140	5970	2633	8096	8841	1749	8366	9339	
24	2613	7899	9287	6663	1734	3320	7787	2296	2195	3382	4631	607	7282	7578	5371	3072	9040	2206	6892	1906	7118	8739	7104	5106	6861	509	9836	2085	1247	7168	1492	0	235	4068	7180	7237	7272	5465	4573	854	6508	6509	7715	2711	3863	4111	9483	2651	2625	3132	119	9571	6859	3179	5147	2988	2888	425	3816	7819	2061	9989	6696	2445	3188	1212	9465	3608	6007	1191	2590	6550	9739	3363	5618	7747	7498	4370	6430	1428	1686	2592	9068	7866	7899	2665	9869	152	1876	7209	3545	1281	849	4564	917	8278	5512	6343	6106	9183	7993	7790	7811	3927	4646	2264	630	6621	2418	680	6135	9816	7177	2957	6874	3194	9809	7028	264	9385	784	4332	6611	5690	4542	6730	2061	5326	7788	7598	6422	3122	1797	3286	4357	4978	3444	5826	9257	2478	4614	8792	2304	3199	1761	7817	2647	875	1429	7939	1203	5959	3058	7320	1232	2893	251	2271	8200	4175	298	6794	7622	3066	3763	5768	3387	5486	6973	1419	5889	5869	622	7292	4607	6290	6102	2750	8924	9796	9376	2672	7367	3403	8004	2615	5206	2147	6704	2572	7837	8127	5785	7729	6498	5759	9084	1690	2031	9492	5769	90	7271	1987	4755	3131	5917	6521	6721	7010	2289	4558	1881	4098	1100	1805	1853	5872	4222	7347	2102	1847	6518	7046	5617	653	7730	8120	727	2037	6151	2060	65	7639	5267	664	172	557	1681	651	
3306	1607	5311	3410	2560	2676	6192	3032	7250	8880	3578	1050	7896	9390	6627	7144	9822	1738	2077	8524	8110	2251	6229	7285	9785	7931	1028	1801	6639	5535	4991	9584	235	0	2601	4607	9982	4401	9416	2385	9018	3972	8838	267	6320	9798	3492	7145	5753	6285	3627	5029	1117	8942	9436	4466	3116	4813	7021	778	4093	7443	577	9418	2245	3697	5190	459	4362	3204	1301	6069	2008	2041	9046	1584	7428	5443	1235	1115	1327	7755	573	2304	1581	1656	340	8391	9030	2095	5187	8203	8621	1436	218	2394	527	6162	4561	7008	2910	6719	1865	3750	1391	8100	2261	1431	3057	4867	6233	9236	4992	1625	1378	4840	6392	5407	8038	1598	8733	4812	8349	594	538	1933	3888	4997	2649	5111	481	2069	5459	3643	9819	2396	2760	6332	732	4024	9377	8830	9936	9819	3	6319	655	6980	5175	2906	5978	4702	1337	2121	1682	9543	2189	1163	2458	1107	6233	5863	2414	6514	6959	1776	3348	6271	8745	6409	865	3867	9370	9963	9871	4010	2818	4052	2718	5052	978	2578	921	1150	9153	4209	2826	1394	1038	2161	7345	1900	4871	299	3985	2127	7482	4629	9483	8008	6874	9029	462	9144	2213	8306	1343	8552	9699	833	6038	1832	3665	1951	7402	9992	8766	7818	8046	1707	1365	1973	507	4153	9197	3019	8512	4372	2222	9283	3032	301	7253	8677	5323	4487	8361	1309	2967	252	111	
